2004
Charley
20040813, 0000,  , HU, 21.7N,  82.2W,  90,  976,   90,   90,   45,   90,   60,   50,   20,   40,   25,   20,   10,   20, -999
20040813, 0430, L, HU, 22.7N,  82.6W, 105,  966, -999, -999, -999, -999, -999, -999, -999, -999, -999, -999, -999, -999, -999
Frances
20040902, 1800,  , HU, 23.8N,  74.3W, 115,  948,  160,  140,  120,  160,  120,  100,   75,  100,   70,   60,   45,   60, -999
20040902, 1930, L, HU, 24.0N,  74.5W, 110,  948, -999, -999, -999, -999, -999, -999, -999, -999, -999, -999, -999, -999, -999
Gaston
20040829, 1200,  , HU, 32.8N,  79.5W,  65,  986,   50,   50,   30,   30,   25,   25,   20,   20,   10,   10,    0,    0, -999
20040829, 1400, L, HU, 33.0N,  79.6W,  65,  985, -999, -999, -999, -999, -999, -999, -999, -999, -999, -999, -999, -999, -999
Ivan
20040916, 0600,  , HU, 30.0N,  87.9W, 105,  943,  225,  250,  125,  100,  125,  125,  100,   75,   90,   90,   75,   50, -999
20040916, 0650, L, HU, 30.2N,  87.9W, 105,  946, -999, -999, -999, -999, -999, -999, -999, -999, -999, -999, -999, -999, -999
Jeanne
20040925, 1200,  , HU, 26.6N,  76.9W, 100,  957,  180,  120,   75,  130,  100,   70,   50,   90,   60,   45,   30,   60, -999
20040925, 1400, L, HU, 26.7N,  77.3W, 100,  956, -999, -999, -999, -999, -999, -999, -999, -999, -999, -999, -999, -999, -999

2005
Cindy
20050706, 0000,  , HU, 28.5N,  90.3W,  65,  992,   90,   90,   40,   60,   30,   30,   20,   25,   20,   20,    0,    0, -999
20050706, 0300, L, HU, 29.2N,  90.1W,  65,  991, -999, -999, -999, -999, -999, -999, -999, -999, -999, -999, -999, -999, -999
Dennis
20050708, 0000,  , HU, 19.4N,  77.1W, 120,  951,  120,  110,   75,  100,   75,   70,   25,   50,   45,   30,   20,   30, -999
20050708, 0245, L, HU, 19.9N,  77.6W, 120,  956, -999, -999, -999, -999, -999, -999, -999, -999, -999, -999, -999, -999, -999
Emily
20050714, 0600,  , HU, 11.9N,  61.5W,  75,  991,  100,   90,   40,  100,   60,   50,    0,   50,   25,    0,    0,   20, -999
20050714, 0700, L, HU, 12.0N,  61.8W,  75,  989, -999, -999, -999, -999, -999, -999, -999, -999, -999, -999, -999, -999, -999
Katrina
20050829, 0600,  , HU, 28.2N,  89.6W, 125,  913,  200,  200,  150,  150,  120,  120,   75,  100,   90,   90,   60,   70, -999
20050829, 1110, L, HU, 29.3N,  89.6W, 110,  920, -999, -999, -999, -999, -999, -999, -999, -999, -999, -999, -999, -999, -999
Rita
20050924, 0600,  , HU, 29.4N,  93.6W, 100,  935,  180,  160,  120,  120,  120,  100,   80,   90,   75,   60,   40,   60, -999
20050924, 0740, L, HU, 29.7N,  93.7W, 100,  937, -999, -999, -999, -999, -999, -999, -999, -999, -999, -999, -999, -999, -999
Stan
20051004, 0600,  , HU, 19.2N,  94.1W,  65,  987,   90,   75,   75,   75,   45,   30,   30,   30,   15,    0,   15,   15, -999
20051004, 1200, L, HU, 18.6N,  94.9W,  70,  977,   90,   75,   75,   75,   45,   30,   30,   30,   15,   15,   15,   15, -999
Wilma
20051021, 1800,  , HU, 20.3N,  86.7W, 120,  926,  175,  175,  120,  150,  100,  100,   75,  100,   75,   75,   60,   75, -999
20051021, 2145, L, HU, 20.6N,  86.8W, 130,  927, -999, -999, -999, -999, -999, -999, -999, -999, -999, -999, -999, -999, -999
Beta
20051030, 0600,  , HU, 13.3N,  83.1W, 100,  962,   50,   50,   50,   50,   25,   25,   25,   25,   15,   15,   15,   15, -999
20051030, 1200, L, HU, 12.9N,  83.5W,  90,  970,   50,   50,   50,   50,   25,   25,   25,   25,   15,   15,   15,   15, -999

2007
Dean
20070821, 0600,  , HU, 18.6N,  86.9W, 150,  907,  180,  180,   90,  125,  100,   75,   50,  100,   50,   40,   30,   50, -999
20070821, 0830, L, HU, 18.7N,  87.7W, 150,  905, -999, -999, -999, -999, -999, -999, -999, -999, -999, -999, -999, -999, -999
Felix
20070904, 0600,  , HU, 14.3N,  81.9W, 135,  939,  100,   60,   40,   90,   60,   40,   25,   60,   40,   20,   15,   40, -999
20070904, 1200, L, HU, 14.3N,  83.2W, 140,  934,  100,   60,   30,  100,   60,   40,   20,   60,   40,   20,   10,   40, -999
Humberto
20070913, 0600,  , HU, 29.5N,  94.4W,  80,  985,   50,   50,   25,   25,   30,   30,    0,    0,   15,    0,    0,    0, -999
20070913, 0700, L, HU, 29.6N,  94.3W,  80,  985, -999, -999, -999, -999, -999, -999, -999, -999, -999, -999, -999, -999, -999
Lorenzo
20070928, 0000,  , HU, 20.5N,  96.3W,  70,  990,   40,   40,   60,   40,   15,   30,   30,   15,   10,   20,   20,   10, -999
20070928, 0500, L, HU, 20.5N,  97.0W,  65,  993, -999, -999, -999, -999, -999, -999, -999, -999, -999, -999, -999, -999, -999

2008
Dolly
20080723, 1820, L, HU, 26.4N,  97.2W,  75,  967,  120,  120,   45,   45,   40,   40,   30,   30,   30,   20,   20,   20, -999
Gustav
20080830, 2200, L, HU, 22.4N,  83.1W, 135,  941,  155,  120,   95,  125,  100,   90,   50,   65,   60,   45,   20,   30, -999
Hanna
20080902, 0000, L, HU, 21.8N,  72.3W,  75,  977,  150,  150,  100,  100,   90,   90,   60,   60,   40,    0,    0,   40, -999
Ike
20080907, 1300, L, HU, 21.0N,  73.2W, 110,  947,  140,  120,  100,  125,   90,   75,   50,   75,   50,   40,   30,   50, -999
Kyle
20080929, 0000, L, HU, 43.8N,  66.2W,  65,  985,  210,  210,  110,   75,   75,   90,   60,   45,   70,   50,   40,   40, -999
Paloma
20081109, 0100, L, HU, 20.7N,  78.0W,  85,  970,   80,   60,   40,   70,   30,   30,   30,   30,   15,   15,   15,   15, -999

2009
Ida
20091105, 1200, L, HU, 12.9N,  83.6W,  70,  985,   60,   50,   25,   50,   30,   25,   15,   25,   15,   10,    0,   10, -999

2010
Alex
20100701, 0200, L, HU, 24.2N,  97.7W,  95,  946,  180,  180,  120,  120,   90,   90,   60,   50,   50,   30,   15,   15, -999
Earl
20100904, 1500, L, HU, 44.3N,  64.5W,  65,  962,  180,  180,  150,  110,  100,  120,  100,   70,    0,   60,    0,    0, -999
Igor
20100921, 1500, L, HU, 46.6N,  53.2W,  75,  950,  400,  350,  350,  350,  200,  180,  140,  160,   75,   45,   60,   75, -999
Karl
20100917, 1645, L, HU, 19.3N,  96.2W, 100,  976,   80,   70,   70,   80,   40,   30,   30,   40,   20,   15,   15,   20, -999
Richard
20101025, 0030, L, HU, 17.2N,  88.3W,  85,  977,   90,   60,   50,   60,   30,   20,   20,   30,   15,   10,   10,   15, -999
Tomas
20101030, 2000, L, HU, 13.4N,  61.2W,  85,  987,  120,   60,   50,   90,   50,   30,   20,   40,   20,   20,    0,    0, -999

2011
Irene
20110825, 0000, L, HU, 23.5N,  75.1W,  95,  952,  220,  180,  100,  150,  100,   90,   50,   80,   60,   60,   25,   50, -999

2012
Ernesto
20120808, 0315, L, HU, 18.8N,  87.7W,  85,  973,  140,  140,   40,   70,   60,   40,   20,   30,   30,   20,    0,   10, -999
Gordon
20120820, 0530, L, HU, 37.0N,  25.1W,  65,  984,   70,  100,   80,   70,   40,   50,   40,   40,   20,   30,   20,   20, -999
Isaac
20120829, 0000, L, HU, 28.9N,  89.4W,  70,  967,  180,  150,  150,  140,   90,   90,   60,   50,   50,   60,    0,    0, -999
Sandy
20121025, 0525, L, HU, 20.0N,  76.0W, 100,  954,  240,  240,   70,  120,   50,   60,   40,   40,   30,   30,   25,   25, -999

2014
Arthur
20140704, 0315, L, HU, 34.7N,  76.6W,  85,  973,  110,  130,   80,   60,   50,   80,   50,   30,   30,   35,   30,   20, -999
Fay
20141012, 0810, L, HU, 32.3N,  64.7W,  70,  984,  150,  150,  120,  120,   50,   60,   60,   60,    0,   20,   20,    0, -999
Gonzalo
20141018, 0030, L, HU, 32.3N,  64.8W,  95,  952,  140,  150,  110,  110,   80,   80,   60,   60,   50,   50,   50,   40, -999

2015
Joaquin
20151001, 1200, L, HU, 23.1N,  73.7W, 115,  942,  110,  150,  120,  110,   60,   60,   40,   50,   35,   30,   30,   30, -999

2016
Earl
20160804, 0600, L, HU, 17.4N,  88.3W,  75,  979,  120,   80,   30,   80,   50,   30,    0,   30,   20,    0,    0,   20, -999
Hermine
20160902, 0530, L, HU, 30.1N,  84.1W,  70,  981,  130,  150,   60,   60,   70,  110,   40,   30,   30,   40,   30,    0, -999
Matthew
20161004, 1100, L, HU, 18.3N,  74.3W, 130,  935,  170,  150,   90,  100,   70,   60,   50,   60,   35,   35,   30,   30, -999
Otto
20161124, 1730, L, HU, 11.0N,  83.8W, 100,  975,   50,   50,   50,   50,   30,   30,   30,   30,   15,   15,   15,   15, -999

2017
Franklin
20170810, 0500, L, HU, 20.0N,  96.6W,  70,  990,  130,   90,   50,  130,   50,   50,   20,   40,   30,   25,    0,    0, -999
Harvey
20170826, 0300, L, HU, 28.0N,  96.9W, 115,  937,  120,   90,   80,   70,   60,   40,   40,   40,   35,   25,   20,   25, -999
Irma
20170906, 0545, L, HU, 17.7N,  61.8W, 155,  914,  150,  110,   90,  150,   80,   60,   40,   70,   45,   40,   30,   45, -999
Katia
20170909, 0300, L, HU, 20.6N,  97.1W,  65,  990,   50,   50,   50,   40,   20,   20,   20,   20,   10,   15,   10,   10, -999
Maria
20170919, 0115, L, HU, 15.4N,  61.3W, 145,  922,  110,  110,   80,   90,   40,   40,   30,   40,   25,   25,   20,   25, -999
Nate
20171008, 0000, L, HU, 29.1N,  89.2W,  75,  983,  110,  100,   40,   70,   50,   50,    0,   20,   30,   30,    0,    0, -999

2018
Florence
20180914, 1115, L, HU, 34.2N,  77.8W,  80,  956,  170,  150,  140,   90,  100,   80,   80,   60,   70,   60,   60,   40, -999
Micheal
20181010, 1730, L, HU, 30.0N,  85.5W, 140,  919,   90,  140,  100,   80,   60,   80,   50,   50,   35,   35,   25,   25, -999

2019
Barry
20190713, 1500, L, HU, 29.6N,  92.2W,  65,  993,   90,  150,  130,   70,   60,   90,    0,    0,   40,   40,    0,    0, -999
Dorian
20190901, 1640, L, HU, 26.5N,  77.0W, 160,  910,  110,  110,   70,   90,   60,   50,   50,   50,   35,   30,   25,   25, -999

2020
Hanna
20200725, 2200, L, HU, 26.8N,  97.3W,  80,  973,  100,  100,   50,   80,   50,   30,   30,   50,   25,   20,   20,   25, -999
Isaias
20200804, 0310, L, HU, 33.9N,  78.5W,  80,  986,  110,  110,   40,   60,   50,   50,   30,   30,   20,   20,   20,    0, -999
Laura
20200827, 0600, L, HU, 29.8N,  93.3W, 130,  939,  120,  150,   80,   80,   60,   70,   40,   40,   40,   50,   30,   30, -999
Nana
20200903, 0600, L, HU, 16.8N,  88.3W,  65,  994,   60,   40,   20,   60,   20,   20,    0,   20,   10,    0,    0,   10, -999
Paulette
20200914, 0850, L, HU, 32.3N,  64.7W,  85,  971,  150,  100,   80,  150,   80,   50,   30,   80,   40,   20,    0,   30, -999
Sally
20200916, 0945, L, HU, 30.3N,  87.7W,  95,  965,   90,  110,   80,   70,   70,   40,   30,   50,   35,   20,   20,   25, -999
Gamma
20201003, 1645, L, HU, 20.2N,  87.4W,  65,  978,  120,   70,    0,   40,   25,    0,    0,    0,   15,    0,    0,    0, -999
Delta
20201007, 1030, L, HU, 20.8N,  86.9W,  90,  971,  100,  100,  100,   80,   40,   40,   30,   30,   25,   25,   10,   10, -999
Zeta
20201028, 2100, L, HU, 29.2N,  90.6W, 100,  970,  130,  130,   40,   60,   70,   70,   20,   20,   35,   35,    0,    0, -999
Eta
20201103, 2100, L, HU, 13.8N,  83.5W, 120,  940,  100,   70,   50,   90,   30,   30,   30,   30,   20,   20,   20,   20, -999
Iota
20201117, 0340, L, HU, 13.6N,  83.5W, 125,  922,  200,  130,   90,  180,   80,   60,   50,   70,   40,   30,   20,   35, -999

2021
Grace
20210819, 0945, L, HU, 20.1N,  87.5W,  75,  978,  140,  100,   60,   80,   80,   30,   20,   40,   30,   20,    0,   20,   20
Ida
20210829, 1655, L, HU, 29.1N,  90.2W, 130,  931,  130,  110,   80,  110,   70,   60,   40,   60,   45,   35,   20,   30,   10
Larry
20210911, 0330, L, HU, 47.3N,  54.6W,  70,  958,  220,  220,  180,  120,  120,  120,  120,   80,   60,   90,    0,    0,   70
Nicholas
20210914, 0530, L, HU, 28.7N,  95.7W,  65,  991,  100,  120,   40,   50,   50,   40,    0,   30,   25,   25,    0,   20,   20

2022
Fiona
20220920, 1100, L, HU, 21.4N,  71.1W, 100,  962,  130,  130,   60,  100,   60,   50,   40,   50,   25,   25,   20,   25,   10
Ian
20220928, 1905, L, HU, 26.7N,  82.2W, 130,  941,  130,  150,  100,  150,   50,   60,   70,   80,   30,   40,   30,   45,   20
Julia
20221009, 0715, L, HU, 12.4N,  83.6W,  75,  982,  100,   70,   60,  100,   40,   30,   20,   30,   30,    0,    0,   20,   25
Lisa
20221102, 2130, L, HU, 17.4N,  88.3W,  80,  985,   50,   50,   30,   40,   25,   20,   20,   25,   15,   15,    0,   15,   15
Nichole
20221110, 0745, L, HU, 27.6N,  80.3W,  65,  980,  390,   90,  180,  300,   80,   30,   20,   80,   20,   20,    0,    0,   20







